0 0.678125 0.12734375 0.08671875 0.12421875
0 0.69375 0.25625 0.0734375 0.090625
0 0.70625 0.45625 0.1109375 0.278125
0 0.71171875 0.7390625 0.11640625 0.21875
0 0.69375 0.93046875 0.071875 0.1390625
0 0.55859375 0.95 0.04296875 0.053125
0 0.56171875 0.83515625 0.03046875 0.06171875
0 0.56171875 0.39765625 0.034375 0.04296875
0 0.51953125 0.23671875 0.1140625 0.1125
0 0.36640625 0.71640625 0.059375 0.06640625
0 0.221875 0.67578125 0.034375 0.06484375
1 0.87109375 0.5 0.2578125 1
1 0.34453125 0.33359375 0.23515625 0.6671875
1 0.459375 0.859375 0.15390625 0.28125