0 0.0265625 0.77890625 0.053125 0.14921875
0 0.0609375 0.5484375 0.121875 0.10625
0 0.06875 0.1734375 0.13671875 0.16796875
0 0.253125 0.328125 0.08515625 0.059375
0 0.3359375 0.19921875 0.12734375 0.06953125
0 0.51953125 0.215625 0.12734375 0.10546875
0 0.60234375 0.259375 0.025 0.0515625
0 0.4984375 0.33125 0.0453125 0.08515625
0 0.57890625 0.3359375 0.10546875 0.08828125
0 0.69453125 0.3359375 0.11953125 0.06796875
0 0.69921875 0.4625 0.11640625 0.16171875
0 0.503125 0.4640625 0.040625 0.07578125
0 0.57890625 0.528125 0.08984375 0.053125
0 0.78515625 0.36875 0.025 0.0390625
0 0.91328125 0.3609375 0.07265625 0.05
1 0.32734375 0.08828125 0.65390625 0.17578125