0 0.31953125 0.90078125 0.11015625 0.10234375
0 0.51875 0.88515625 0.05234375 0.04921875
0 0.15390625 0.50078125 0.0796875 0.134375
0 0.240625 0.50859375 0.071875 0.1421875
0 0.31953125 0.459375 0.0828125 0.2140625
0 0.3984375 0.50234375 0.0578125 0.11328125
0 0.46796875 0.5046875 0.0625 0.1328125
0 0.5328125 0.50546875 0.0625 0.1265625
0 0.596875 0.45078125 0.05078125 0.2203125
0 0.64921875 0.5015625 0.04765625 0.10390625
0 0.7 0.49921875 0.03984375 0.11015625
0 0.73828125 0.51875 0.05234375 0.31171875
0 0.7984375 0.51484375 0.03984375 0.09765625
0 0.840625 0.51015625 0.03671875 0.0828125
0 0.87421875 0.51328125 0.03671875 0.0875
0 0.915625 0.51171875 0.03359375 0.0828125
0 0.98359375 0.5125 0.0328125 0.0875
1 0.3359375 0.1015625 0.671875 0.203125