0 0.61484375 0.7515625 0.18046875 0.08984375
0 0.93828125 0.68671875 0.1234375 0.20234375
0 0.77734375 0.75703125 0.1203125 0.08984375
0 0.875 0.1140625 0.1484375 0.17890625
0 0.98359375 0.28671875 0.0328125 0.1078125
0 0.68515625 0.18203125 0.06484375 0.18359375
0 0.9 0.2828125 0.03203125 0.03671875
0 0.59296875 0.19609375 0.06328125 0.16640625
0 0.36484375 0.37890625 0.19609375 0.7234375
0 0.06171875 0.62734375 0.07421875 0.09140625
0 0.15 0.36328125 0.17109375 0.3984375
0 0.5421875 0.0703125 0.1171875 0.07734375