0 0.15859375 0.565625 0.06328125 0.10546875
0 0.22890625 0.49296875 0.0578125 0.08203125
0 0.28046875 0.50390625 0.03046875 0.06171875
0 0.24375 0.61640625 0.03046875 0.04765625
0 0.26640625 0.721875 0.053125 0.0578125
0 0.31640625 0.71484375 0.015625 0.04296875
0 0.3625 0.7203125 0.0375 0.0578125
0 0.34609375 0.62109375 0.08359375 0.090625
0 0.2796875 0.6109375 0.02734375 0.04765625
0 0.3546875 0.5125 0.090625 0.08203125
0 0.4984375 0.5125 0.0546875 0.0546875
0 0.50234375 0.61015625 0.04453125 0.04609375
0 0.50546875 0.7015625 0.04921875 0.06640625
0 0.58125 0.5328125 0.05625 0.078125
0 0.584375 0.62109375 0.0546875 0.06640625
0 0.58515625 0.70546875 0.0546875 0.04765625
0 0.4359375 0.4421875 0.0578125 0.05625
0 0.55703125 0.44296875 0.0734375 0.08515625
0 0.78515625 0.48125 0.109375 0.06484375
0 0.72578125 0.53515625 0.040625 0.040625
0 0.7328125 0.60546875 0.0390625 0.0390625
0 0.83515625 0.61953125 0.0703125 0.21484375