0 0.978125 0.7703125 0.04375 0.15390625
0 0.95078125 0.51015625 0.0984375 0.12578125
0 0.95625 0.0859375 0.0875 0.1125
0 0.89140625 0.1640625 0.02734375 0.04609375
0 0.75234375 0.27265625 0.08125 0.04921875
0 0.63671875 0.13828125 0.096875 0.06796875
0 0.4625 0.15703125 0.10703125 0.084375
0 0.3734375 0.2078125 0.0375 0.05390625
0 0.4859375 0.28046875 0.05390625 0.07421875
0 0.39453125 0.271875 0.11875 0.0578125
0 0.48125 0.42421875 0.04609375 0.06640625
0 0.265625 0.29375 0.1375 0.06953125
0 0.39765625 0.5 0.1 0.0421875
0 0.27734375 0.4578125 0.14375 0.103125
0 0.034375 0.31484375 0.06875 0.0578125
0 0.17421875 0.31953125 0.03359375 0.04609375
0 0.15390625 0.28125 0.05390625 0.03359375