0 0.37109375 0.75 0.18515625 0.0921875
0 0.0515625 0.68359375 0.103125 0.2078125
0 0.20390625 0.75546875 0.1234375 0.0921875
0 0.10390625 0.09609375 0.15234375 0.18359375
0 0.00390625 0.27265625 0.0078125 0.11015625
0 0.2984375 0.165625 0.06640625 0.18828125
0 0.078125 0.26875 0.0328125 0.0375
0 0.39296875 0.18046875 0.06484375 0.1703125
0 0.628125 0.36953125 0.2015625 0.73828125
0 0.93828125 0.62265625 0.0765625 0.09453125
0 0.84765625 0.3515625 0.175 0.409375
0 0.4453125 0.05078125 0.1203125 0.0796875