0 0.7203125 0.9234375 0.1203125 0.11171875
0 0.50234375 0.90546875 0.0578125 0.05390625
0 0.9015625 0.48515625 0.0875 0.146875
0 0.80703125 0.49375 0.07890625 0.15546875
0 0.7203125 0.43984375 0.090625 0.234375
0 0.63359375 0.48671875 0.06328125 0.12421875
0 0.5578125 0.48984375 0.06796875 0.1453125
0 0.48671875 0.490625 0.06796875 0.13828125
0 0.4171875 0.4296875 0.05625 0.24140625
0 0.359375 0.4859375 0.05234375 0.11328125
0 0.30390625 0.48359375 0.04375 0.1203125
0 0.2625 0.5046875 0.0578125 0.340625
0 0.19609375 0.50078125 0.04375 0.10703125
0 0.15 0.4953125 0.03984375 0.090625
0 0.1125 0.49921875 0.03984375 0.09609375
0 0.06796875 0.49765625 0.03671875 0.090625
0 0.00546875 0.49765625 0.01015625 0.09609375
1 0.6671875 0.0796875 0.665625 0.159375