0 0.41484375 0.34765625 0.03046875 0.08828125
0 0.509375 0.3578125 0.05 0.08671875
0 0.5765625 0.38828125 0.046875 0.07890625
0 0.659375 0.39765625 0.03671875 0.07578125
0 0.5734375 0.24765625 0.05 0.1015625
0 0.65234375 0.27265625 0.0515625 0.08828125
0 0.73828125 0.240625 0.0609375 0.0984375
0 0.6328125 0.10546875 0.1640625 0.14453125
0 0.3984375 0.13359375 0.08203125 0.08828125
1 0.49375 0.1546875 0.09609375 0.1671875
1 0.275 0.1078125 0.14140625 0.215625
1 0.55703125 0.0296875 0.41953125 0.059375
0 0.55390625 0.64453125 0.14765625 0.08046875