0 0.68515625 0.1171875 0.0859375 0.1234375
0 0.7 0.2453125 0.07265625 0.08984375
0 0.7125 0.44375 0.11015625 0.275
0 0.71796875 0.72265625 0.11484375 0.21640625
0 0.7 0.921875 0.071875 0.15625
0 0.56640625 0.93125 0.0421875 0.05234375
0 0.56953125 0.81875 0.03046875 0.0609375
0 0.56953125 0.38515625 0.03359375 0.0421875
0 0.528125 0.22578125 0.11328125 0.11171875
0 0.37578125 0.70078125 0.059375 0.065625
0 0.35859375 0.99140625 0.04921875 0.0171875
0 0.2328125 0.66015625 0.03359375 0.0640625
1 0.87421875 0.5 0.2515625 1
1 0.35390625 0.32578125 0.2328125 0.6515625
1 0.4671875 0.85078125 0.153125 0.2984375