0 0.14375 0.5390625 0.059375 0.09921875
0 0.209375 0.47109375 0.0546875 0.0765625
0 0.2578125 0.48125 0.02890625 0.0578125
0 0.2234375 0.5859375 0.02890625 0.04453125
0 0.24453125 0.68515625 0.04921875 0.0546875
0 0.29140625 0.67890625 0.0140625 0.03984375
0 0.334375 0.68359375 0.03515625 0.0546875
0 0.31953125 0.59140625 0.078125 0.084375
0 0.25703125 0.58125 0.02578125 0.04453125
0 0.32734375 0.48984375 0.084375 0.0765625
0 0.46171875 0.48984375 0.05078125 0.05078125
0 0.465625 0.58046875 0.04140625 0.04296875
0 0.46796875 0.66640625 0.04609375 0.0625
0 0.5390625 0.5078125 0.05234375 0.0734375
0 0.5421875 0.59140625 0.05078125 0.0625
0 0.54296875 0.6703125 0.05078125 0.04453125
0 0.403125 0.4234375 0.0546875 0.05234375
0 0.51640625 0.42421875 0.06875 0.0796875
0 0.7296875 0.46015625 0.10234375 0.0609375
0 0.675 0.51015625 0.03828125 0.03828125
0 0.68125 0.5765625 0.03671875 0.03671875
0 0.77734375 0.58984375 0.065625 0.2015625