0 0.97109375 0.78359375 0.05703125 0.1484375
0 0.9453125 0.5328125 0.109375 0.12109375
0 0.95 0.12421875 0.1 0.1078125
0 0.88046875 0.19921875 0.02578125 0.04375
0 0.746875 0.30390625 0.078125 0.04765625
0 0.63515625 0.17421875 0.09296875 0.065625
0 0.4671875 0.1921875 0.103125 0.08203125
0 0.38125 0.240625 0.0359375 0.05234375
0 0.4890625 0.3109375 0.05234375 0.071875
0 0.40234375 0.303125 0.1140625 0.05546875
0 0.48515625 0.45 0.04375 0.0640625
0 0.27734375 0.32421875 0.13203125 0.0671875
0 0.4046875 0.52265625 0.09609375 0.040625
0 0.28828125 0.48203125 0.1390625 0.1
0 0.05234375 0.3453125 0.06875 0.05546875
0 0.18984375 0.34921875 0.0328125 0.04375
0 0.1703125 0.31171875 0.05234375 0.0328125