0 0.984375 0.84140625 0.03125 0.16484375
0 0.94609375 0.5875 0.1078125 0.11640625
0 0.93828125 0.17265625 0.1234375 0.1859375
0 0.7484375 0.34296875 0.09375 0.065625
0 0.65703125 0.20078125 0.140625 0.0765625
0 0.45390625 0.21875 0.140625 0.11640625
0 0.3625 0.2671875 0.028125 0.05703125
0 0.47734375 0.34609375 0.05 0.09375
0 0.3890625 0.3515625 0.11640625 0.096875
0 0.2609375 0.3515625 0.13203125 0.075
0 0.25625 0.49140625 0.128125 0.17890625
0 0.471875 0.49296875 0.0453125 0.08359375
0 0.3890625 0.5640625 0.09921875 0.059375
0 0.1609375 0.38828125 0.028125 0.04375
0 0.0296875 0.378125 0.059375 0.05546875
1 0.653125 0.0875 0.69375 0.175