0 0.915625 0.41875 0.16875 0.159375
0 0.75 0.4046875 0.12265625 0.08046875
0 0.57890625 0.396875 0.1015625 0.071875
0 0.4828125 0.35546875 0.07734375 0.1375
0 0.39296875 0.4046875 0.059375 0.08046875
0 0.32578125 0.3984375 0.07734375 0.08671875
0 0.24296875 0.41484375 0.08984375 0.08359375
0 0.16484375 0.43125 0.06875 0.0671875
0 0.0984375 0.42578125 0.04453125 0.0671875
0 0.8296875 0.6765625 0.265625 0.34453125
1 0.53359375 0.1859375 0.12109375 0.17890625
1 0.359375 0.2421875 0.1328125 0.21640625
1 0.2265625 0.3125 0.07890625 0.11484375