0 0.83046875 0.4359375 0.26484375 0.540625
0 0.64453125 0.5109375 0.0953125 0.409375
0 0.53203125 0.66328125 0.1 0.2609375
0 0.4671875 0.40234375 0.03671875 0.1453125
0 0.40546875 0.46953125 0.0484375 0.18671875
0 0.36328125 0.48203125 0.03359375 0.1484375
0 0.209375 0.4765625 0.08203125 0.2015625
0 0.11875 0.465625 0.11484375 0.203125
1 0.11640625 0.203125 0.14375 0.27265625
1 0.390625 0.11953125 0.13046875 0.22421875
1 0.8078125 0.0734375 0.2578125 0.146875
1 0.54921875 0.103125 0.11796875 0.20625