0 0.046875 0.7015625 0.04765625 0.0796875
0 0.18984375 0.79453125 0.15078125 0.30546875
0 0.29375 0.7109375 0.08828125 0.0625
0 0.3984375 0.74296875 0.1421875 0.25625
0 0.528125 0.69296875 0.0390625 0.10703125
0 0.5671875 0.721875 0.02890625 0.06796875
0 0.6140625 0.69453125 0.115625 0.27421875
0 0.84921875 0.71953125 0.15625 0.121875
0 0.95234375 0.7390625 0.07265625 0.08125
1 0.14453125 0.45859375 0.1765625 0.32578125
1 0.12890625 0.12109375 0.1828125 0.2421875
1 0.31796875 0.05625 0.13046875 0.11171875
1 0.371875 0.44765625 0.15390625 0.30703125
1 0.59140625 0.28125 0.1390625 0.5625
1 0.8125 0.309375 0.1984375 0.61875
1 0.35390625 0.18203125 0.06953125 0.1015625