0 0.83671875 0.17265625 0.146875 0.1484375
0 0.7140625 0.16953125 0.0984375 0.06015625
0 0.734375 0.08359375 0.0484375 0.06015625
0 0.62890625 0.16171875 0.08203125 0.0703125
0 0.528125 0.16171875 0.0515625 0.0546875
0 0.58828125 0.2578125 0.121875 0.05703125
0 0.36953125 0.325 0.16171875 0.128125
0 0.31484375 0.44765625 0.08515625 0.071875
0 0.1953125 0.4546875 0.11796875 0.11015625
0 0.25234375 0.53828125 0.0484375 0.046875
0 0.1671875 0.57421875 0.0765625 0.1
0 0.06484375 0.4625 0.046875 0.075
0 0.08828125 0.75546875 0.06640625 0.16640625
0 0.34609375 0.590625 0.071875 0.08828125
0 0.35078125 0.68203125 0.075 0.103125
0 0.33046875 0.75 0.046875 0.046875
0 0.4953125 0.7546875 0.06484375 0.0796875
0 0.51640625 0.478125 0.18828125 0.13203125
0 0.809375 0.52265625 0.08828125 0.08203125
0 0.9734375 0.56640625 0.053125 0.103125
0 0.88828125 0.74609375 0.08203125 0.08515625
0 0.58046875 0.88828125 0.0484375 0.0484375
0 0.61953125 0.98046875 0.03359375 0.03203125
1 0.2484375 0.1203125 0.44140625 0.23828125
1 0.13046875 0.31953125 0.23671875 0.13203125
1 0.4421875 0.94140625 0.16015625 0.11015625
1 0.7203125 0.38046875 0.14140625 0.15703125
1 0.6859375 0.26484375 0.075 0.0703125
1 0.59296875 0.0640625 0.11328125 0.128125
1 0.91796875 0.040625 0.1390625 0.08125
1 0.73828125 0.678125 0.121875 0.14140625
1 0.8984375 0.5703125 0.06015625 0.18828125