0 0.9453125 0.540625 0.10859375 0.1296875
0 0.6453125 0.63828125 0.38828125 0.18515625
0 0.24921875 0.70078125 0.365625 0.18671875
0 0.03359375 0.73515625 0.05859375 0.07109375
0 0.23828125 0.4796875 0.05390625 0.04375
0 0.1625 0.48359375 0.046875 0.03046875
0 0.52421875 0.478125 0.084375 0.05859375
0 0.8109375 0.4546875 0.02890625 0.02578125
0 0.75625 0.4484375 0.01640625 0.01796875
1 0.3484375 0.478125 0.134375 0.1171875
1 0.790625 0.24296875 0.41875 0.31953125
1 0.97421875 0.4078125 0.0515625 0.075