0 0.98984375 0.35546875 0.0203125 0.0796875
0 0.9171875 0.284375 0.103125 0.19609375
0 0.775 0.33203125 0.13203125 0.20703125
0 0.78984375 0.48984375 0.09296875 0.0578125
0 0.62734375 0.55234375 0.20078125 0.1796875
0 0.3578125 0.634375 0.23828125 0.221875
0 0.1203125 0.490625 0.240625 0.371875
0 0.51015625 0.425 0.30703125 0.12734375
0 0.45078125 0.48984375 0.05625 0.03515625
0 0.66796875 0.3046875 0.07734375 0.08984375
0 0.41640625 0.26484375 0.209375 0.15078125
1 0.89140625 0.1078125 0.14609375 0.19140625
1 0.440625 0.1453125 0.1078125 0.12734375