0 0.8140625 0.27421875 0.30859375 0.3859375
0 0.77578125 0.8328125 0.2390625 0.2296875
0 0.70390625 0.55078125 0.06015625 0.11875
0 0.96640625 0.56328125 0.04609375 0.08203125
0 0.63203125 0.63984375 0.05546875 0.125
0 0.32421875 0.56953125 0.03984375 0.153125
0 0.45546875 0.5359375 0.08515625 0.05390625
0 0.51171875 0.59921875 0.05078125 0.09140625
0 0.57890625 0.58125 0.04296875 0.09296875
0 0.3046875 0.43984375 0.07734375 0.08359375
1 0.16171875 0.16875 0.29765625 0.33203125
1 0.79609375 0.68125 0.08359375 0.17890625
1 0.37421875 0.81953125 0.07890625 0.1328125
1 0.11640625 0.50078125 0.07421875 0.2546875
1 0.7578125 0.06171875 0.25625 0.10625