0 0.6984375 0.69609375 0.03984375 0.04296875
0 0.7046875 0.765625 0.04765625 0.03984375
0 0.63359375 0.7 0.03828125 0.05703125
0 0.621875 0.778125 0.03828125 0.05859375
0 0.56640625 0.70546875 0.04921875 0.08671875
0 0.48125 0.70703125 0.0296875 0.03984375
0 0.40390625 0.7484375 0.03203125 0.1078125
1 0.8203125 0.33125 0.32890625 0.65
1 0.50703125 0.18046875 0.20390625 0.29296875
1 0.40859375 0.4375 0.228125 0.32734375
1 0.1984375 0.1875 0.21640625 0.32109375
1 0.11953125 0.39140625 0.2296875 0.30390625
1 0.0546875 0.65078125 0.09296875 0.134375