0 0.28515625 0.68671875 0.040625 0.04375
0 0.278125 0.7578125 0.0484375 0.040625
0 0.3515625 0.690625 0.0390625 0.05859375
0 0.36328125 0.77109375 0.0390625 0.06015625
0 0.4203125 0.69609375 0.05 0.0890625
0 0.5078125 0.6984375 0.03046875 0.040625
0 0.58671875 0.740625 0.0328125 0.11015625
1 0.1640625 0.3234375 0.328125 0.64609375
1 0.48125 0.1578125 0.209375 0.3
1 0.5828125 0.42109375 0.23359375 0.3359375
1 0.79765625 0.16484375 0.22265625 0.3296875
1 0.87890625 0.37421875 0.23515625 0.31171875
1 0.9453125 0.640625 0.09609375 0.13828125