0 0.02890625 0.38125 0.02421875 0.02578125
0 0.0796875 0.38984375 0.03828125 0.03125
0 0.1359375 0.38828125 0.03125 0.03828125
0 0.18984375 0.38046875 0.02265625 0.03828125
0 0.253125 0.38203125 0.04140625 0.03671875
0 0.3109375 0.3890625 0.028125 0.05546875
0 0.36796875 0.38515625 0.0296875 0.05234375
0 0.45078125 0.37734375 0.065625 0.05703125
0 0.5078125 0.37578125 0.03984375 0.04375
0 0.57890625 0.38359375 0.0484375 0.0609375
0 0.65078125 0.3875 0.03671875 0.03828125
0 0.715625 0.38515625 0.034375 0.0453125
0 0.775 0.38359375 0.03984375 0.0640625
0 0.8484375 0.38515625 0.05390625 0.0640625
0 0.90859375 0.39140625 0.0296875 0.03828125
0 0.9796875 0.39140625 0.0296875 0.046875
0 0.8625 0.521875 0.096875 0.065625
0 0.4234375 0.5828125 0.128125 0.11796875
0 0.090625 0.5296875 0.18046875 0.17734375
1 0.7875 0.20390625 0.16328125 0.19453125