0 0.40859375 0.81640625 0.05625 0.13046875
0 0.4796875 0.946875 0.03515625 0.08046875
0 0.53984375 0.85859375 0.06640625 0.06953125
0 0.5359375 0.946875 0.06953125 0.06328125
0 0.59609375 0.9109375 0.0546875 0.08046875
0 0.484375 0.60546875 0.03515625 0.08359375
0 0.48828125 0.703125 0.04375 0.05625
0 0.4578125 0.69765625 0.03515625 0.1046875
0 0.48203125 0.51640625 0.03203125 0.0890625
0 0.45078125 0.475 0.03046875 0.09375
0 0.4734375 0.38125 0.046875 0.203125
0 0.5390625 0.4390625 0.06953125 0.17265625
0 0.5609375 0.65859375 0.0890625 0.07109375
0 0.54140625 0.77890625 0.03203125 0.07265625
0 0.58046875 0.77265625 0.02109375 0.08203125
0 0.55703125 0.5640625 0.0421875 0.07265625
0 0.46875 0.225 0.01796875 0.0515625
1 0.74609375 0.30234375 0.47890625 0.6046875
1 0.65078125 0.73046875 0.07578125 0.203125