0 0.825 0.66328125 0.278125 0.32265625
0 0.90390625 0.409375 0.18828125 0.18828125
0 0.75703125 0.39296875 0.06875 0.09765625
0 0.5796875 0.39296875 0.071875 0.075
0 0.4875 0.365625 0.10078125 0.1328125
0 0.38203125 0.40234375 0.0609375 0.0875
0 0.31484375 0.4015625 0.0640625 0.0859375
0 0.23671875 0.4265625 0.084375 0.09765625
0 0.1546875 0.42734375 0.05234375 0.084375
0 0.09453125 0.43125 0.03671875 0.0609375
0 0.05078125 0.44296875 0.02265625 0.03828125
1 0.2765625 0.28984375 0.0546875 0.1390625
1 0.20234375 0.33359375 0.04921875 0.09140625
1 0.528125 0.24296875 0.09765625 0.159375
1 0.359375 0.27265625 0.09453125 0.1265625