0 0.8015625 0.2 0.1359375 0.140625
0 0.684375 0.196875 0.09296875 0.05703125
0 0.703125 0.115625 0.04609375 0.05703125
0 0.60390625 0.1890625 0.07734375 0.06484375
0 0.50703125 0.18984375 0.04765625 0.05078125
0 0.5640625 0.2796875 0.115625 0.05390625
0 0.35703125 0.34609375 0.1515625 0.121875
0 0.30546875 0.4609375 0.08046875 0.06796875
0 0.19140625 0.46796875 0.1109375 0.1046875
0 0.2453125 0.5484375 0.04609375 0.04453125
0 0.16640625 0.58203125 0.07265625 0.0953125
0 0.06875 0.47578125 0.04453125 0.06953125
0 0.090625 0.75390625 0.06328125 0.15859375
0 0.334375 0.59765625 0.06796875 0.08203125
0 0.3390625 0.68359375 0.07109375 0.096875
0 0.3203125 0.74765625 0.04453125 0.04453125
0 0.4765625 0.75234375 0.06171875 0.07578125
0 0.49765625 0.490625 0.17890625 0.1234375
0 0.77421875 0.5328125 0.08203125 0.07734375
0 0.93828125 0.575 0.06796875 0.096875
0 0.85 0.7453125 0.07578125 0.07890625
0 0.5578125 0.8796875 0.04609375 0.04609375
0 0.59453125 0.96640625 0.03203125 0.028125
1 0.2421875 0.15 0.41796875 0.225
1 0.13046875 0.33828125 0.225 0.1265625
1 0.4265625 0.93046875 0.15 0.1046875
1 0.690625 0.396875 0.134375 0.146875
1 0.65859375 0.28828125 0.07109375 0.06640625
1 0.56953125 0.09296875 0.10625 0.1296875
1 0.87578125 0.07265625 0.13125 0.08203125
1 0.70625 0.6796875 0.115625 0.134375
1 0.859375 0.57734375 0.05546875 0.17734375