0 0.15859375 0.2203125 0.1390625 0.403125
0 0.34453125 0.23671875 0.14609375 0.44375
0 0.56875 0.33046875 0.3390625 0.196875
0 0.78359375 0.41015625 0.04921875 0.11328125
0 0.6828125 0.48046875 0.10546875 0.08984375
0 0.5578125 0.51328125 0.0984375 0.06953125
0 0.5015625 0.66171875 0.1578125 0.03046875
0 0.63828125 0.66953125 0.0421875 0.03203125
0 0.36796875 0.68828125 0.04609375 0.04765625
0 0.1515625 0.67265625 0.05625 0.0640625
1 0.45078125 0.028125 0.44375 0.05625
1 0.55546875 0.14375 0.2203125 0.1171875