0 0.97265625 0.71015625 0.040625 0.06328125
0 0.91015625 0.7015625 0.04765625 0.08046875
0 0.76640625 0.7953125 0.1515625 0.30703125
0 0.6609375 0.7109375 0.0890625 0.06328125
0 0.55625 0.74296875 0.14296875 0.2578125
0 0.42578125 0.69296875 0.0390625 0.1078125
0 0.38671875 0.721875 0.02890625 0.06796875
0 0.3390625 0.69453125 0.11640625 0.2765625
0 0.10234375 0.71953125 0.15703125 0.12265625
0 0.01796875 0.7390625 0.0359375 0.08203125
1 0.81171875 0.45625 0.17734375 0.32734375
1 0.82734375 0.11953125 0.184375 0.2390625
1 0.6375 0.05390625 0.13125 0.1078125
1 0.5828125 0.4453125 0.15546875 0.30859375
1 0.3625 0.28046875 0.140625 0.5609375
1 0.1390625 0.30859375 0.2 0.6171875
1 0.97265625 0.17578125 0.0546875 0.18125
1 0.60078125 0.178125 0.0703125 0.10234375