0 0.6109375 0.45703125 0.240625 0.3265625
0 0.775 0.6953125 0.13046875 0.2390625
0 0.609375 0.91171875 0.4453125 0.09765625
0 0.40390625 0.38203125 0.09140625 0.1046875
0 0.34453125 0.58984375 0.0375 0.0546875
0 0.265625 0.7734375 0.209375 0.30546875
0 0.41171875 0.75 0.06171875 0.053125
0 0.56015625 0.77109375 0.07578125 0.06015625
0 0.48359375 0.8015625 0.02578125 0.02265625
0 0.9 0.94765625 0.0359375 0.034375
1 0.24921875 0.28515625 0.45 0.56328125
1 0.78203125 0.465625 0.12734375 0.18203125
1 0.096875 0.7375 0.1171875 0.2234375