0 0.02421875 0.8546875 0.04765625 0.03046875
0 0.0921875 0.825 0.03046875 0.0359375
0 0.203125 0.796875 0.06171875 0.0546875
0 0.29453125 0.765625 0.053125 0.0390625
0 0.3875 0.78828125 0.06328125 0.04921875
0 0.4828125 0.80546875 0.071875 0.04609375
0 0.63984375 0.9453125 0.23359375 0.04921875
0 0.8125 0.90546875 0.08359375 0.053125
0 0.78046875 0.75546875 0.02890625 0.015625
1 0.6328125 0.3796875 0.34296875 0.23515625
1 0.38515625 0.6859375 0.203125 0.14140625
1 0.38046875 0.4234375 0.1296875 0.2375
1 0.09921875 0.41796875 0.09375 0.09921875