0 0.95078125 0.2609375 0.08515625 0.11875
0 0.77421875 0.3359375 0.0421875 0.0640625
0 0.7140625 0.13984375 0.03828125 0.0578125
0 0.6578125 0.63984375 0.0625 0.08046875
0 0.4578125 0.4125 0.0640625 0.07734375
0 0.39140625 0.2546875 0.02109375 0.02578125
0 0.49609375 0.27265625 0.05 0.08515625
0 0.31640625 0.49765625 0.0421875 0.08203125
0 0.2421875 0.44375 0.0578125 0.09296875
0 0.20390625 0.62890625 0.02890625 0.0578125
0 0.171875 0.775 0.053125 0.0640625
0 0.11171875 0.378125 0.01640625 0.03984375
0 0.1015625 0.3140625 0.03046875 0.0546875
0 0.02421875 0.11015625 0.0484375 0.07265625
0 0.2578125 0.94765625 0.08046875 0.1
0 0.35546875 0.94609375 0.07734375 0.06875
0 0.440625 0.96953125 0.02890625 0.03359375
0 0.55546875 0.96015625 0.07421875 0.0578125
0 0.76328125 0.95234375 0.1125 0.05
0 0.99296875 0.94140625 0.0140625 0.0484375
1 0.09921875 0.16484375 0.0640625 0.2265625
1 0.17734375 0.296875 0.103125 0.26328125
1 0.33359375 0.16796875 0.07265625 0.29921875
1 0.40234375 0.13515625 0.0453125 0.19140625
1 0.50078125 0.12109375 0.065625 0.215625
1 0.63984375 0.27421875 0.08671875 0.2296875
1 0.740625 0.14296875 0.14296875 0.2859375
1 0.940625 0.109375 0.11875 0.21875