0 0.79453125 0.12421875 0.14765625 0.153125
0 0.6671875 0.12109375 0.1015625 0.06171875
0 0.68828125 0.0328125 0.05 0.06171875
0 0.5796875 0.1125 0.084375 0.0703125
0 0.475 0.11328125 0.0515625 0.0546875
0 0.53671875 0.21171875 0.12578125 0.05859375
0 0.31171875 0.2828125 0.16484375 0.13203125
0 0.25625 0.4078125 0.0875 0.07421875
0 0.13203125 0.415625 0.1203125 0.11328125
0 0.190625 0.50234375 0.05 0.0484375
0 0.1046875 0.53984375 0.07890625 0.103125
0 0.0125 0.421875 0.025 0.075
0 0.0296875 0.725 0.059375 0.171875
0 0.2875 0.55546875 0.07421875 0.0890625
0 0.29296875 0.64921875 0.07734375 0.1046875
0 0.27265625 0.71875 0.0484375 0.0484375
0 0.44140625 0.72421875 0.0671875 0.0828125
0 0.46484375 0.43984375 0.19453125 0.134375
0 0.765625 0.48515625 0.0890625 0.084375
0 0.94296875 0.53203125 0.07421875 0.1046875
0 0.846875 0.71640625 0.0828125 0.0859375
0 0.5296875 0.8625 0.05 0.05
0 0.56953125 0.95703125 0.034375 0.03125
1 0.20703125 0.09609375 0.4140625 0.1921875
1 0.09453125 0.275 0.1890625 0.1375
1 0.3875 0.9171875 0.16328125 0.11328125
1 0.67421875 0.33828125 0.14609375 0.16015625
1 0.6390625 0.2203125 0.07734375 0.071875
1 0.54375 0.03984375 0.11484375 0.07890625
1 0.87578125 0.015625 0.14296875 0.03125
1 0.69140625 0.6453125 0.12578125 0.14609375
1 0.85703125 0.534375 0.06015625 0.1921875