0 0.13125 0.58359375 0.08515625 0.128125
0 0.1140625 0.22109375 0.0625 0.08359375
0 0.265625 0.25859375 0.059375 0.06796875
0 0.30546875 0.3140625 0.05390625 0.075
0 0.3203125 0.45234375 0.0296875 0.05546875
0 0.578125 0.5625 0.0453125 0.10390625
0 0.63203125 0.56484375 0.03125 0.0640625
0 0.78984375 0.72578125 0.02265625 0.0328125
0 0.675 0.278125 0.03984375 0.0921875
0 0.51640625 0.31953125 0.03125 0.05390625
0 0.528125 0.23515625 0.034375 0.0453125
1 0.06875 0.2375 0.1375 0.475
1 0.19765625 0.1015625 0.11796875 0.203125
1 0.390625 0.23515625 0.23984375 0.4703125
1 0.59375 0.40546875 0.08125 0.175
1 0.5703125 0.1796875 0.090625 0.1734375
1 0.625 0.06328125 0.190625 0.1265625