0 0.82578125 0.65 0.271875 0.315625
0 0.903125 0.40234375 0.184375 0.184375
0 0.759375 0.3859375 0.0671875 0.0953125
0 0.5859375 0.3859375 0.0703125 0.0734375
0 0.4953125 0.359375 0.0984375 0.1296875
0 0.3921875 0.3953125 0.059375 0.0859375
0 0.3265625 0.39453125 0.0625 0.084375
0 0.25 0.41875 0.0828125 0.0953125
0 0.1703125 0.41953125 0.0515625 0.0828125
0 0.1109375 0.4234375 0.0359375 0.059375
0 0.06875 0.43515625 0.021875 0.0375
1 0.2890625 0.28515625 0.053125 0.1359375
1 0.21640625 0.328125 0.0484375 0.0890625
1 0.53515625 0.2390625 0.0953125 0.15625
1 0.3703125 0.26796875 0.0921875 0.1234375