0 0.9296875 0.6875 0.071875 0.05234375
0 0.75703125 0.71484375 0.16171875 0.12421875
0 0.61171875 0.771875 0.0859375 0.0703125
0 0.48828125 0.8125 0.0765625 0.071875
0 0.40703125 0.8546875 0.059375 0.0859375
0 0.3453125 0.9296875 0.0609375 0.075
0 0.559375 0.94765625 0.03671875 0.02578125
1 0.52265625 0.59453125 0.2265625 0.30859375
1 0.32265625 0.775 0.1359375 0.0765625
1 0.171875 0.8171875 0.11015625 0.11796875
1 0.77890625 0.31015625 0.37890625 0.61953125
1 0.47109375 0.1171875 0.1609375 0.234375
1 0.1890625 0.1375 0.2953125 0.25390625