0 0.93359375 0.69296875 0.07109375 0.05234375
0 0.76171875 0.71953125 0.16015625 0.1234375
0 0.6171875 0.7765625 0.0859375 0.06953125
0 0.49453125 0.81640625 0.0765625 0.07109375
0 0.4140625 0.85859375 0.05859375 0.0859375
0 0.35234375 0.93359375 0.06015625 0.07421875
0 0.56484375 0.95078125 0.03671875 0.02578125
1 0.52890625 0.6 0.22578125 0.30625
1 0.33046875 0.7796875 0.13515625 0.0765625
1 0.18046875 0.82109375 0.109375 0.1171875
1 0.7828125 0.3171875 0.3765625 0.6171875
1 0.4765625 0.12265625 0.16015625 0.24140625
1 0.19765625 0.14609375 0.29375 0.25234375