0 0.17734375 0.56171875 0.2171875 0.0671875
0 0.4234375 0.4875 0.26328125 0.21875
0 0.60859375 0.46171875 0.10625 0.08671875
0 0.0171875 0.5203125 0.034375 0.16796875
0 0.05234375 0.6125 0.01953125 0.08203125
0 0.053125 0.73203125 0.10625 0.21875
1 0.12109375 0.35390625 0.23515625 0.23515625
1 0.31875 0.23515625 0.15390625 0.2078125
1 0.60859375 0.18046875 0.146875 0.2125
0 0.18828125 0.6390625 0.0296875 0.08203125
0 0.2796875 0.63984375 0.02421875 0.05390625
0 0.3375 0.628125 0.02421875 0.0328125