0 0.90390625 0.41484375 0.18203125 0.15234375
0 0.73515625 0.40078125 0.11796875 0.07734375
0 0.57109375 0.39296875 0.09765625 0.06953125
0 0.47890625 0.35390625 0.07421875 0.13203125
0 0.3921875 0.40078125 0.05625 0.07734375
0 0.328125 0.39453125 0.07421875 0.08359375
0 0.2484375 0.41015625 0.08671875 0.08046875
0 0.1734375 0.42578125 0.06640625 0.06484375
0 0.11015625 0.4203125 0.0421875 0.06484375
0 0.8109375 0.6609375 0.2546875 0.33046875
1 0.52734375 0.19140625 0.11640625 0.17109375
1 0.36015625 0.24453125 0.12734375 0.2078125
1 0.2328125 0.31171875 0.07578125 0.11015625