0 0.83671875 0.12578125 0.153125 0.1546875
0 0.709375 0.12265625 0.10234375 0.0625
0 0.7296875 0.0328125 0.05 0.0625
0 0.6203125 0.11484375 0.08515625 0.07265625
0 0.515625 0.11484375 0.05390625 0.05703125
0 0.578125 0.2140625 0.1265625 0.059375
0 0.35 0.284375 0.16875 0.13359375
0 0.29375 0.4125 0.08828125 0.075
0 0.16875 0.4203125 0.1234375 0.11484375
0 0.228125 0.50703125 0.05 0.0484375
0 0.13984375 0.54453125 0.0796875 0.10390625
0 0.0328125 0.428125 0.0484375 0.078125
0 0.05703125 0.73359375 0.06953125 0.1734375
0 0.32578125 0.56171875 0.075 0.0921875
0 0.33046875 0.65625 0.078125 0.1078125
0 0.31015625 0.72734375 0.0484375 0.0484375
0 0.48125 0.7328125 0.06796875 0.08359375
0 0.503125 0.44453125 0.19609375 0.1375
0 0.8078125 0.490625 0.0921875 0.08515625
0 0.97578125 0.53671875 0.0484375 0.1078125
0 0.890625 0.7234375 0.08515625 0.08828125
0 0.5703125 0.871875 0.05 0.05
0 0.61015625 0.96796875 0.034375 0.0328125
1 0.22734375 0.096875 0.4546875 0.19375
1 0.11328125 0.278125 0.2265625 0.1375
1 0.4265625 0.92734375 0.16640625 0.11484375
1 0.715625 0.34296875 0.14765625 0.16328125
1 0.6796875 0.221875 0.078125 0.07265625
1 0.58359375 0.03984375 0.11796875 0.0796875
1 0.92109375 0.015625 0.14375 0.03125
1 0.734375 0.653125 0.1265625 0.14765625
1 0.90078125 0.53984375 0.0625 0.19609375