0 0.99765625 0.36875 0.0046875 0.04453125
0 0.8953125 0.36015625 0.02265625 0.02421875
0 0.8484375 0.36796875 0.03515625 0.02890625
0 0.79609375 0.36640625 0.02890625 0.03515625
0 0.746875 0.359375 0.02109375 0.03515625
0 0.68828125 0.3609375 0.03828125 0.03359375
0 0.6359375 0.3671875 0.02578125 0.05078125
0 0.5828125 0.3640625 0.02734375 0.04765625
0 0.50703125 0.35703125 0.0609375 0.05234375
0 0.4546875 0.35546875 0.03671875 0.03984375
0 0.3890625 0.3625 0.04453125 0.05625
0 0.32265625 0.365625 0.03359375 0.03515625
0 0.26328125 0.3640625 0.03203125 0.04140625
0 0.20859375 0.3625 0.03671875 0.059375
0 0.14140625 0.3640625 0.04921875 0.059375
0 0.08515625 0.36953125 0.02734375 0.03515625
0 0.0203125 0.36953125 0.02734375 0.04296875
0 0.128125 0.48984375 0.08984375 0.0609375
0 0.53203125 0.5453125 0.11796875 0.10859375
0 0.846875 0.49765625 0.18359375 0.16328125
1 0.19765625 0.19765625 0.15 0.17890625