0 0.80546875 0.26640625 0.13046875 0.378125
0 0.63125 0.28203125 0.13671875 0.415625
0 0.42109375 0.36953125 0.3171875 0.184375
0 0.21953125 0.44453125 0.04609375 0.10625
0 0.3140625 0.51015625 0.0984375 0.084375
0 0.43203125 0.54140625 0.0921875 0.06484375
0 0.484375 0.68046875 0.14765625 0.02890625
0 0.35625 0.6875 0.03984375 0.03046875
0 0.609375 0.7046875 0.04296875 0.04453125
0 0.81171875 0.690625 0.05234375 0.06015625
1 0.53125 0.06171875 0.415625 0.103125
1 0.434375 0.1953125 0.20625 0.109375