0 0.97734375 0.8609375 0.0453125 0.028125
0 0.91328125 0.8328125 0.028125 0.03359375
0 0.81015625 0.80703125 0.05703125 0.05078125
0 0.72578125 0.77734375 0.04921875 0.03671875
0 0.6390625 0.79921875 0.05859375 0.04609375
0 0.55078125 0.81484375 0.06640625 0.04296875
0 0.4046875 0.94453125 0.21640625 0.04609375
0 0.2453125 0.9078125 0.07734375 0.04921875
0 0.0234375 0.74609375 0.046875 0.0359375
0 0.27421875 0.76796875 0.0265625 0.0140625
1 0.41171875 0.4203125 0.31796875 0.21796875
1 0.64140625 0.70390625 0.18828125 0.13125
1 0.6453125 0.46015625 0.1203125 0.2203125
1 0.90703125 0.45546875 0.08671875 0.09140625