0 0.09296875 0.6171875 0.03828125 0.1
0 0.15703125 0.6890625 0.02578125 0.03515625
0 0.22734375 0.6546875 0.05234375 0.04296875
0 0.29921875 0.70234375 0.02578125 0.03359375
0 0.3734375 0.69765625 0.05859375 0.0828125
0 0.51953125 0.68984375 0.15078125 0.06484375
0 0.67421875 0.69375 0.1109375 0.0953125
0 0.77734375 0.66953125 0.02734375 0.04765625
0 0.82578125 0.68203125 0.0140625 0.03515625
1 0.14921875 0.47109375 0.13984375 0.221875
1 0.346875 0.41953125 0.24453125 0.41875
1 0.6578125 0.3640625 0.36328125 0.52890625
1 0.84609375 0.57890625 0.19375 0.215625