0 0.26015625 0.6484375 0.1140625 0.115625
0 0.10859375 0.6640625 0.06484375 0.04296875
0 0.0484375 0.54140625 0.096875 0.05703125
0 0.2125 0.55390625 0.11875 0.04609375
0 0.35546875 0.55078125 0.03203125 0.02578125
0 0.409375 0.55703125 0.021875 0.0109375
0 0.62734375 0.653125 0.05703125 0.03984375
0 0.8234375 0.58671875 0.04453125 0.0875
1 0.6078125 0.8375 0.22578125 0.115625
1 0.159375 0.9390625 0.0984375 0.06640625
1 0.03515625 0.88046875 0.06953125 0.07109375
1 0.115625 0.365625 0.16015625 0.23515625
1 0.54921875 0.3609375 0.109375 0.1765625
1 0.540625 0.603125 0.0859375 0.13828125
1 0.73203125 0.665625 0.06015625 0.05078125
1 0.07109375 0.10234375 0.13359375 0.16484375