0 0.409375 0.82578125 0.059375 0.1375
0 0.4828125 0.96015625 0.0375 0.0796875
0 0.546875 0.8703125 0.06953125 0.07265625
0 0.54296875 0.9625 0.07265625 0.06640625
0 0.60625 0.92578125 0.0578125 0.084375
0 0.4890625 0.60390625 0.0375 0.08828125
0 0.4921875 0.70703125 0.04609375 0.059375
0 0.4609375 0.70078125 0.0375 0.11015625
0 0.48671875 0.51015625 0.03359375 0.09296875
0 0.453125 0.4671875 0.03203125 0.0984375
0 0.47734375 0.36875 0.04921875 0.21328125
0 0.54609375 0.42890625 0.07265625 0.18125
0 0.56953125 0.66015625 0.09296875 0.07421875
0 0.5484375 0.78671875 0.03359375 0.0765625
0 0.58984375 0.7796875 0.021875 0.08671875
0 0.565625 0.56015625 0.04375 0.0765625
0 0.471875 0.20390625 0.01875 0.05390625
1 0.75546875 0.3015625 0.4890625 0.603125
1 0.66328125 0.7359375 0.0796875 0.21328125