0 0.075 0.29375 0.09375 0.109375
0 0.25234375 0.325 0.07421875 0.0515625
0 0.36484375 0.32265625 0.07265625 0.046875
0 0.175 0.25625 0.02109375 0.01875
0 0.50234375 0.384375 0.05546875 0.0515625
0 0.64375 0.36484375 0.08125 0.06953125
0 0.1125 0.71796875 0.05390625 0.12109375
0 0.203125 0.74453125 0.109375 0.109375
0 0.3109375 0.8078125 0.1109375 0.1265625
0 0.62265625 0.70625 0.078125 0.13984375
0 0.7953125 0.73359375 0.19921875 0.16796875
0 0.9453125 0.77421875 0.08671875 0.0984375
1 0.25546875 0.1234375 0.3765625 0.246875
1 0.728125 0.15859375 0.5125 0.31640625
1 0.77890625 0.546875 0.1453125 0.13828125
1 0.88515625 0.52578125 0.065625 0.1125
1 0.9359375 0.6984375 0.0453125 0.0453125
1 0.56328125 0.54609375 0.1421875 0.1640625
1 0.0828125 0.6125 0.07109375 0.13671875
1 0.21953125 0.62109375 0.109375 0.07421875
1 0.3046875 0.72421875 0.06953125 0.034375