0 0.14375 0.3734375 0.08828125 0.103125
0 0.31171875 0.403125 0.0703125 0.04921875
0 0.41796875 0.40078125 0.06875 0.04453125
0 0.2375 0.3375 0.01953125 0.01796875
0 0.5484375 0.459375 0.05234375 0.04921875
0 0.68203125 0.440625 0.07734375 0.065625
0 0.17890625 0.77578125 0.05078125 0.11484375
0 0.26484375 0.80078125 0.103125 0.103125
0 0.36640625 0.8609375 0.1046875 0.11953125
0 0.6625 0.7640625 0.0734375 0.1328125
0 0.82578125 0.78984375 0.18828125 0.159375
0 0.96328125 0.82890625 0.0734375 0.09375
1 0.31484375 0.165625 0.35703125 0.3296875
1 0.759375 0.20078125 0.48125 0.3859375
1 0.81015625 0.61328125 0.1375 0.13125
1 0.9109375 0.59375 0.0625 0.10625
1 0.959375 0.75625 0.04296875 0.04296875
1 0.60546875 0.6125 0.134375 0.15546875
1 0.15078125 0.67578125 0.0671875 0.1296875
1 0.28046875 0.68359375 0.103125 0.0703125
1 0.3609375 0.78125 0.065625 0.0328125
1 0.0234375 0.634375 0.046875 0.175