0 0.96328125 0.4046875 0.07265625 0.0484375
0 0.89453125 0.60625 0.0453125 0.11796875
0 0.7578125 0.70703125 0.10703125 0.0609375
0 0.678125 0.83515625 0.10390625 0.078125
0 0.23125 0.86796875 0.46171875 0.0984375
0 0.66875 0.6125 0.0953125 0.1140625
0 0.4875 0.69453125 0.1484375 0.07109375
0 0.403125 0.59140625 0.08515625 0.16796875
0 0.21796875 0.571875 0.1796875 0.1265625
0 0.11796875 0.38671875 0.23515625 0.3515625
0 0.30546875 0.37109375 0.1125 0.115625
0 0.58515625 0.36640625 0.1765625 0.10546875
0 0.75703125 0.39296875 0.1109375 0.0671875