0 0.45859375 0.43125 0.22890625 0.31015625
0 0.30234375 0.6578125 0.12421875 0.22734375
0 0.46015625 0.86328125 0.4234375 0.09296875
0 0.65546875 0.36015625 0.08671875 0.1
0 0.71171875 0.5578125 0.0359375 0.05234375
0 0.78671875 0.73203125 0.19921875 0.290625
0 0.64765625 0.71015625 0.05859375 0.05078125
0 0.50625 0.73046875 0.071875 0.05703125
0 0.57890625 0.759375 0.02421875 0.02109375
0 0.1828125 0.89765625 0.034375 0.0328125
1 0.79375 0.26796875 0.41171875 0.5359375
1 0.29609375 0.43984375 0.12109375 0.1734375
1 0.9453125 0.69765625 0.109375 0.2125