0 0.18984375 0.25859375 0.33515625 0.41953125
0 0.23125 0.86484375 0.259375 0.24921875
0 0.309375 0.55859375 0.065625 0.12890625
0 0.025 0.571875 0.05 0.0890625
0 0.3875 0.65546875 0.06015625 0.1359375
0 0.721875 0.57890625 0.04296875 0.16640625
0 0.57890625 0.5421875 0.09296875 0.05859375
0 0.51796875 0.6109375 0.0546875 0.1
0 0.4453125 0.5921875 0.04609375 0.1015625
0 0.74296875 0.43828125 0.084375 0.09140625
1 0.86875 0.16171875 0.2625 0.32265625
1 0.209375 0.7 0.09140625 0.19453125
1 0.6671875 0.85078125 0.0859375 0.14453125
1 0.94765625 0.50390625 0.08046875 0.2765625
1 0.25078125 0.0421875 0.278125 0.084375