0 0.19765625 0.5765625 0.0828125 0.12578125
0 0.18046875 0.22265625 0.0609375 0.08125
0 0.32890625 0.259375 0.0578125 0.06640625
0 0.36796875 0.31328125 0.05234375 0.07265625
0 0.38203125 0.4484375 0.02890625 0.05390625
0 0.63359375 0.55625 0.04375 0.1015625
0 0.68671875 0.55859375 0.03046875 0.0625
0 0.840625 0.715625 0.021875 0.03203125
0 0.72890625 0.278125 0.0390625 0.08984375
0 0.5734375 0.31875 0.03046875 0.05234375
0 0.584375 0.23671875 0.03359375 0.04375
1 0.1015625 0.2359375 0.203125 0.47109375
1 0.2625 0.10234375 0.115625 0.2046875
1 0.45 0.2328125 0.234375 0.465625
1 0.64921875 0.40234375 0.0796875 0.17109375
1 0.6265625 0.18203125 0.08828125 0.16953125
1 0.6796875 0.065625 0.18671875 0.13046875