0 0.77578125 0.67265625 0.11875 0.1203125
0 0.9328125 0.6890625 0.06796875 0.04453125
0 0.97265625 0.5609375 0.0546875 0.059375
0 0.825 0.57421875 0.1234375 0.04765625
0 0.6765625 0.57109375 0.0328125 0.0265625
0 0.6203125 0.57734375 0.0234375 0.01171875
0 0.39453125 0.67734375 0.059375 0.04140625
0 0.18984375 0.6078125 0.04609375 0.090625
1 0.4140625 0.86875 0.234375 0.1203125
1 0.88125 0.96953125 0.10234375 0.0609375
1 0.98671875 0.91328125 0.0265625 0.07421875
1 0.921875 0.37734375 0.15625 0.2453125
1 0.475 0.3734375 0.1140625 0.1828125
1 0.484375 0.62578125 0.0890625 0.14375
1 0.28515625 0.690625 0.0625 0.053125
1 0.9515625 0.103125 0.096875 0.171875