0 0.05 0.65234375 0.0421875 0.11015625
0 0.1203125 0.73046875 0.028125 0.03828125
0 0.19765625 0.69296875 0.0578125 0.046875
0 0.27734375 0.7453125 0.028125 0.03671875
0 0.359375 0.740625 0.06484375 0.090625
0 0.5203125 0.73203125 0.16640625 0.071875
0 0.690625 0.7359375 0.12265625 0.1046875
0 0.803125 0.71015625 0.0296875 0.05234375
0 0.85703125 0.72265625 0.015625 0.03828125
1 0.11171875 0.49140625 0.15390625 0.24453125
1 0.3296875 0.434375 0.26953125 0.46171875
1 0.671875 0.3734375 0.4 0.58203125
1 0.8796875 0.609375 0.21328125 0.2375