0 0.0421875 0.1921875 0.084375 0.128125
0 0.2296875 0.27421875 0.0453125 0.06953125
0 0.2953125 0.0625 0.04140625 0.0625
0 0.35625 0.60234375 0.06796875 0.08671875
0 0.57109375 0.35703125 0.06953125 0.08359375
0 0.64296875 0.18671875 0.02265625 0.028125
0 0.53046875 0.20546875 0.05390625 0.0921875
0 0.72421875 0.4484375 0.0453125 0.08828125
0 0.8046875 0.390625 0.0625 0.10078125
0 0.8453125 0.590625 0.03125 0.0625
0 0.88046875 0.7484375 0.05703125 0.06953125
0 0.9453125 0.31953125 0.0171875 0.04375
0 0.95625 0.25078125 0.0328125 0.059375
0 0.7875 0.93515625 0.08671875 0.1078125
0 0.68203125 0.9328125 0.08359375 0.075
0 0.590625 0.95859375 0.03125 0.03671875
0 0.46640625 0.94765625 0.0796875 0.0625
0 0.24140625 0.93984375 0.121875 0.05390625
1 0.95859375 0.10625 0.06953125 0.21171875
1 0.87421875 0.23203125 0.1109375 0.284375
1 0.70546875 0.1265625 0.078125 0.253125
1 0.63046875 0.0796875 0.0484375 0.159375
1 0.525 0.07890625 0.07109375 0.1578125
1 0.375 0.2078125 0.09375 0.2484375
1 0.26640625 0.11015625 0.1546875 0.2203125
1 0.05703125 0.0734375 0.1140625 0.146875