0 0.93203125 0.3578125 0.07578125 0.04609375
0 0.86328125 0.55 0.04296875 0.1125
0 0.7328125 0.64609375 0.10234375 0.0578125
0 0.65703125 0.76796875 0.09921875 0.07421875
0 0.22578125 0.7984375 0.4515625 0.09375
0 0.64765625 0.55625 0.090625 0.10859375
0 0.475 0.634375 0.1421875 0.06796875
0 0.39453125 0.5359375 0.08046875 0.16015625
0 0.21796875 0.5171875 0.171875 0.1203125
0 0.1171875 0.340625 0.234375 0.33515625
0 0.30078125 0.32578125 0.10703125 0.1109375
0 0.56796875 0.321875 0.16796875 0.10078125
0 0.73203125 0.346875 0.10546875 0.0640625