0 0.76875 0.27578125 0.0515625 0.1078125
0 0.5921875 0.165625 0.0546875 0.1078125
0 0.54140625 0.12421875 0.05625 0.1046875
0 0.4 0.14296875 0.1078125 0.17421875
0 0.4546875 0.22421875 0.04296875 0.08125
0 0.4953125 0.371875 0.046875 0.22265625
0 0.1859375 0.321875 0.06640625 0.1328125
0 0.19140625 0.1703125 0.04140625 0.0796875
0 0.04921875 0.2140625 0.05625 0.109375
0 0.06328125 0.4640625 0.03671875 0.103125
0 0.1875 0.68203125 0.046875 0.103125
0 0.4875 0.85703125 0.06171875 0.14140625
0 0.765625 0.6046875 0.04296875 0.09609375