0 0.0703125 0.36015625 0.0359375 0.1125
0 0.05 0.471875 0.04609375 0.1125
0 0.0359375 0.609375 0.0375 0.171875
0 0.27890625 0.621875 0.0421875 0.16015625
0 0.2734375 0.46953125 0.028125 0.15390625
0 0.27109375 0.25703125 0.034375 0.09609375
0 0.43671875 0.18984375 0.0359375 0.12109375
0 0.45859375 0.2640625 0.02265625 0.0734375
0 0.47265625 0.3390625 0.02578125 0.08671875
0 0.51640625 0.45390625 0.040625 0.15703125
0 0.59140625 0.6234375 0.05546875 0.18984375
0 0.92734375 0.63984375 0.0703125 0.16796875
0 0.81796875 0.48125 0.04609375 0.11953125
0 0.725 0.31640625 0.0328125 0.1453125
0 0.63125 0.19921875 0.0421875 0.103125
0 0.80859375 0.17421875 0.040625 0.09765625
0 0.98984375 0.31484375 0.01953125 0.16796875