0 0.77109375 0.29921875 0.04765625 0.1015625
0 0.6046875 0.19453125 0.05234375 0.103125
0 0.5546875 0.1546875 0.05390625 0.1
0 0.421875 0.17265625 0.1 0.16640625
0 0.47265625 0.25 0.04140625 0.07734375
0 0.5109375 0.390625 0.04453125 0.21015625
0 0.21640625 0.34296875 0.06484375 0.128125
0 0.22265625 0.1984375 0.03984375 0.07578125
0 0.08671875 0.240625 0.05390625 0.1046875
0 0.1 0.47890625 0.03515625 0.096875
0 0.2171875 0.68515625 0.04453125 0.0984375
0 0.50390625 0.85234375 0.05859375 0.134375
0 0.76875 0.61328125 0.04140625 0.09140625