0 0.77109375 0.29375 0.04765625 0.10234375
0 0.60234375 0.18828125 0.05234375 0.10390625
0 0.5515625 0.1484375 0.0546875 0.10078125
0 0.41796875 0.16640625 0.10078125 0.16796875
0 0.46875 0.24453125 0.04140625 0.078125
0 0.5078125 0.38671875 0.04453125 0.2125
0 0.2109375 0.33828125 0.065625 0.1296875
0 0.21640625 0.1921875 0.03984375 0.0765625
0 0.0796875 0.23515625 0.0546875 0.10546875
0 0.09296875 0.475 0.03515625 0.09765625
0 0.21171875 0.68359375 0.04453125 0.09921875
0 0.50078125 0.85234375 0.059375 0.1359375
0 0.76875 0.6109375 0.04140625 0.09296875