0 0.94375 0.37578125 0.03515625 0.1109375
0 0.9640625 0.48515625 0.0453125 0.1109375
0 0.97734375 0.6203125 0.03671875 0.16875
0 0.7390625 0.6328125 0.0421875 0.1578125
0 0.74375 0.4828125 0.02734375 0.15078125
0 0.74609375 0.27421875 0.03359375 0.09453125
0 0.5828125 0.20703125 0.03515625 0.11875
0 0.56171875 0.28046875 0.02265625 0.07265625
0 0.54765625 0.3546875 0.02578125 0.08515625
0 0.5046875 0.46796875 0.03984375 0.1546875
0 0.43125 0.634375 0.0546875 0.18671875
0 0.10078125 0.65 0.06875 0.165625
0 0.2078125 0.49453125 0.0453125 0.1171875
0 0.3 0.33203125 0.03203125 0.14296875
0 0.39140625 0.2171875 0.0421875 0.1015625
0 0.2171875 0.1921875 0.03984375 0.09609375
0 0.02890625 0.33125 0.03671875 0.165625