0 0.77734375 0.2953125 0.05 0.10546875
0 0.6046875 0.1875 0.05390625 0.10546875
0 0.55546875 0.14765625 0.05546875 0.10234375
0 0.4171875 0.165625 0.10546875 0.1703125
0 0.4703125 0.2453125 0.0421875 0.0796875
0 0.509375 0.38984375 0.0453125 0.2171875
0 0.2078125 0.340625 0.06484375 0.1296875
0 0.2125 0.1921875 0.040625 0.078125
0 0.07421875 0.23515625 0.05546875 0.10703125
0 0.0875 0.4796875 0.0359375 0.10078125
0 0.209375 0.6921875 0.0453125 0.10078125
0 0.50234375 0.86328125 0.06015625 0.13828125
0 0.77421875 0.6171875 0.0421875 0.09453125